act, ear, blade, afternoon, zinc, degree, flag, quarter, tin, grade, angle, ship, hot, caption, prison, mitten, knife
3, 149, 2334957, 1.000000, cobweb, 61604, 1, 1, 0, 1, -0.001587, 0, 1, -22.927826, 4, 0, 1490703105
4f, 87, -2772477, 68465.789062, liquid, 53304, 1, 0, 0, 1, 17247.013672, 37651, 0, 22435.664062, :, 0, 1
4a, 12, 1, 0.000000, foot, 3355, 0, 0, 0, 0, 1.000000, 1, 0, 0.000000, 3, 1, 25
1, 1, 2614815, 1.000000, body, 36273, 0, 0, 0, 0, 0.001404, 60032, 0, 1.000000, E, 1, 2409033
0, 1, 0, 105973.718750, coach, 18621, 1, 1, 0, 0, -20211.968750, 13, 1, 1.000000, P, 1, 1239709656
1, 253, 1, -0.000488, slip, 15, 0, 1, 1, 0, 32008.785156, 21, 0, 24030.251953, +, 1, 1434231
e0, 25, -171, 87517.187500, powder, 1, 1, 0, 1, 1, 1.000000, 23050, 0, 0.003571, S, 1, 1
89, 236, 4066261, -112.020996, stew, 0, 1, 1, 0, 1, 28986.148438, 59634, 0, 23042.205078, 1, 0, 0
51, 0, 83377, -81121.476562, smell, 1, 1, 0, 1, 0, 0.000000, 1, 1, -18858.255859, }, 0, 1325045820
