act, ear, blade, afternoon, zinc, degree, flag, quarter, tin, grade, angle, ship, hot, caption, prison, mitten, knife
0, 4, 0, -0.007812, wool, 15141, 1, 0, 0, 1, -0.763641, 1, 0, -7114.561035, h, 1, 605463
a8, 2, -761332, 1115.391602, flame, 8332, 0, 0, 0, 1, 1137.198242, 0, 1, 0.006348, h, 0, 4
fb, 61, 54971, -73.041992, plot, 18, 0, 1, 0, 1, -0.000946, 194, 0, 0.019257, j, 0, 19
15, 50, -247, 0.389648, nest, 602, 0, 1, 1, 0, 5.215668, 137, 0, 120.162079, ., 1, 24
f3, 31, 1913, 1162.671387, profit, 4, 0, 1, 0, 1, -36.184021, 14224, 1, 183.133850, 9, 1, 3148561
ca, 14, 4, 0.003418, cars, 1, 0, 0, 1, 0, 607.689087, 214, 0, -154.278564, l, 1, 11662
ff, 136, 12, -0.028320, flame, 0, 0, 1, 1, 1, 0.001709, 5, 0, 0.023987, T, 1, 1615134929
d3, 1, 0, -0.726074, shock, 30639, 1, 1, 1, 0, 0.006348, 114, 0, 4504.419922, X, 0, 2950994
ff, 8, 0, -27638.472656, sneeze, 1519, 0, 0, 1, 0, 0.272827, 1012, 0, 5.427673, _, 0, 14
ef, 1, -69, 7567.632812, humor, 2, 1, 0, 0, 0, -0.468414, 0, 0, -0.011322, =, 1, 5172
0, 5, -879079, 0.095703, arm, 1, 0, 1, 1, 0, 0.111206, 2, 1, 0.001709, K, 0, 15537937
0, 91, 258330, -0.120117, sound, 1233, 1, 1, 1, 0, 0.063721, 135, 0, 0.000000, 7, 0, 5
1, 15, 51928, 91440.226562, whip, 0, 0, 1, 0, 0, -5.304810, 7, 1, -13517.523438, h, 1, 103
0, 2, -10, -118216.500000, color, 26, 0, 0, 0, 0, -0.000580, 1953, 1, 0.000854, s, 0, 4
1, 35, -84902, 0.000488, band, 3, 0, 1, 0, 1, -28.792816, 63696, 1, -0.261017, 4, 1, 439
ff, 14, -1470, 423.318848, shoes, 2808, 1, 0, 0, 0, 0.001740, 13, 0, -0.125885, z, 1, 493288791
19, 0, 552666, 0.003418, chair, 835, 1, 0, 0, 1, 1060.880859, 463, 1, 59.098389, 6, 0, 3
0, 108, 1, -0.041992, queen, 56954, 0, 0, 1, 1, -0.007141, 460, 0, 24.869171, %, 1, 40
f9, 0, 9, -0.000488, stream, 3, 0, 1, 0, 0, -0.000000, 45, 1, -0.003235, J, 1, 484
a0, 23, 18951, 0.000000, humor, 5451, 1, 1, 0, 1, -0.005402, 3925, 1, -0.006226, v, 1, 51984851
bb, 26, 9800, -9171.140625, motion, 34, 0, 1, 1, 0, -1205.630615, 20, 0, 16618.017578, B, 1, 3
16, 4, 2817, 155.437988, bit, 1946, 0, 0, 1, 1, -0.000031, 59443, 0, -0.000092, q, 1, 66570
0, 6, 63700, 0.001465, sign, 111, 0, 0, 0, 0, 43.863159, 4, 0, 0.000214, H, 0, 434724
fd, 4, 649315, 125585.062500, train, 698, 0, 1, 0, 1, -5482.689453, 18, 1, 0.059113, p, 1, 187700
71, 0, -411, -113895.554688, arm, 4129, 1, 1, 0, 1, 0.000031, 928, 1, 3104.780273, a, 1, 3080
1, 9, 13, 0.000488, loss, 30713, 1, 0, 1, 0, -14.373535, 101, 1, -0.010193, X, 1, 125584137
a8, 2, -761332, -0.573242, flame, 8332, 0, 1, 0, 0, 10082.878906, 14793, 1, 0.006348, ., 0, 4
7, 31, -266107, -3493.070801, rain, 12, 1, 1, 0, 0, -3711.295166, 3, 1, 91.067657, P, 1, 15
fd, 19, -2435, -1.883789, crayon, 1, 1, 0, 1, 0, -0.002258, 31, 1, 40.691162, h, 1, 1591094050
7d, 47, -420, 0.004883, mint, 3541, 1, 1, 1, 0, 2.621216, 3, 0, 0.015381, 9, 0, 535972053
1, 3, -10, -10583.679688, thumb, 0, 1, 1, 0, 1, -0.780975, 7088, 1, -0.000061, f, 0, 14906301
43, 6, 124, -0.000488, whip, 34429, 1, 0, 1, 1, -0.029022, 7, 1, 1495.428833, k, 0, 968
1, 2, -1, -541.564453, limit, 0, 0, 1, 0, 0, -1981.393311, 1384, 1, 0.003876, ;, 1, 4
fa, 87, -488, 12.146973, lead, 205, 1, 1, 1, 1, -0.011932, 9, 0, -0.001556, u, 0, 208
7, 6, -220, 1688.534668, stem, 61, 1, 1, 0, 0, 0.057404, 15444, 1, -0.000000, c, 0, 59
f8, 57, -7663, -0.000488, fact, 7, 0, 0, 1, 1, -8581.801758, 12714, 1, -0.000031, q, 1, 46583035
ff, 49, 9, 52.668945, doll, 6211, 0, 1, 0, 0, 0.000214, 225, 1, -0.003235, $, 1, 1713150
f0, 13, -213, 0.169922, memory, 1076, 0, 0, 1, 1, 0.000031, 417, 1, -1.252899, /, 1, 185
fc, 49, 36863, 82.352051, wire, 2, 1, 1, 0, 1, -0.002716, 10322, 0, 0.000031, =, 1, 4312
ab, 41, -16036, -2.671387, flavor, 2648, 1, 0, 0, 1, -32.213806, 1273, 1, -734.407349, m, 1, 10966
c, 15, 5, 979.583984, yoke, 23652, 1, 0, 1, 0, 3.999481, 239, 0, 0.334442, J, 0, 1048544213
ff, 120, -179826, 0.000488, beam, 335, 1, 0, 0, 0, -4.480804, 1528, 0, -0.010895, 1, 0, 3
3b, 1, -2180, 0.044922, oven, 599, 0, 0, 1, 1, -0.016235, 30, 1, -0.000275, %, 1, 313151
76, 7, 84660, 12.908691, legs, 5, 0, 0, 1, 1, -0.002930, 319, 1, -63.407471, _, 1, 30
5, 4, 12701, 6.222168, bean, 0, 0, 0, 0, 1, -0.000610, 27, 1, -12441.714844, h, 0, 24
ff, 12, -213, -0.000488, grip, 55556, 0, 0, 1, 0, 0.000031, 125, 1, -1.996307, S, 1, 185
ff, 1, 3109, -2004.056641, wood, 1, 1, 1, 0, 1, 472.463593, 603, 1, -8.335724, d, 0, 90584143
0, 52, 2310749, 0.015137, play, 1837, 0, 0, 1, 1, -14621.167969, 3, 0, 0.003448, R, 1, 210830
ff, 17, -2853580, 173.710938, veil, 8086, 1, 0, 1, 1, -14860.634766, 152, 0, 0.000122, ^, 1, 1717251827
fc, 29, 43, -37876.230469, teeth, 140, 0, 0, 1, 1, 7760.869141, 4, 1, 1495.428833, c, 0, 726785
fc, 0, -264, 121.625977, coat, 33, 1, 1, 1, 1, -2824.429688, 46883, 1, 0.000031, ), 0, 1053453618
0, 18, 7, -3.354004, bread, 2789, 0, 1, 1, 1, 0.000092, 9, 1, -4856.622559, A, 0, 10
fc, 4, 2131, -0.025391, net, 44, 1, 1, 1, 0, 0.000153, 695, 1, 0.115570, W, 1, 17041
fd, 4, -10311, -3.303223, slave, 698, 0, 1, 0, 0, -938.425171, 0, 1, 0.059113, p, 0, 187700
fe, 173, -7294, -9.726562, bee, 1, 1, 0, 0, 0, -49.746490, 275, 0, 0.000031, S, 1, 1416739
fc, 182, 3, -28.539551, queen, 215, 0, 1, 0, 1, -0.007141, 460, 1, 24.869171, %, 1, 0
fe, 12, 29, -434.468750, comb, 3, 0, 1, 1, 1, 0.305145, 1832, 1, 874.006775, O, 0, 785
0, 18, 7, -3.354004, bread, 2789, 0, 1, 1, 1, 0.018738, 9, 1, -4856.622559, A, 0, 10
d1, 0, -7726, 0.037598, sponge, 101, 0, 0, 0, 1, 1.983002, 35, 1, -0.001038, ?, 1, 3569
0, 5, 14, -0.015137, change, 1, 0, 1, 0, 0, -0.153168, 117, 0, 0.001709, {, 0, 152536922
1, 7, -665570, -0.035645, shade, 11600, 0, 0, 0, 0, -0.005798, 21751, 1, 0.211304, ^, 1, 967508
d0, 3, 204, -0.153320, desk, 38, 0, 1, 0, 0, 0.000183, 1, 1, 0.000031, H, 1, 40633
ff, 1, 1380, 6494.260742, brake, 2, 0, 0, 1, 0, -7.358246, 0, 1, -3.299255, K, 1, 624
11, 50, -7273, -57.136230, crush, 288, 1, 0, 0, 0, -0.000183, 1, 1, -0.005646, {, 0, 273
43, 33, 214, 0.017090, church, 34429, 0, 0, 1, 0, -1900.513428, 1, 0, 1495.428833, k, 0, 106
ca, 30, 1798, 0.000000, table, 7473, 1, 0, 0, 1, 0.411743, 3, 1, -0.000000, [, 1, 133384484
0, 0, 951873, -0.000488, bottle, 0, 0, 1, 1, 0, -26471.386719, 204, 0, -18.693695, F, 1, 552271
f4, 23, -1, -3843.556641, lead, 5, 0, 1, 1, 0, -0.000122, 79, 0, -2640.077637, 8, 1, 6
5, 4, -9009, -0.003418, thread, 0, 1, 0, 0, 1, -2.425903, 436, 1, -12441.714844, h, 1, 24
19, 15, 61, -91.413574, sticks, 39606, 0, 0, 0, 1, 0.000031, 7, 1, 91.067657, 6, 1, 3
ff, 37, 177165, 4978.256348, root, 37, 0, 1, 1, 0, 795.918091, 243, 0, -0.000275, =, 0, 25162559
f, 17, 0, 400.842773, sneeze, 1519, 0, 1, 1, 1, 0.168732, 12, 1, 5.427673, l, 0, 134274
1, 6, 776, 86608.843750, rule, 0, 1, 1, 1, 0, -0.000153, 280, 0, 0.000061, B, 0, 121071
ff, 120, -179826, 0.018066, bead, 335, 1, 0, 0, 1, -59.311188, 0, 0, -0.010895, 1, 0, 3
6, 15, 26362, -11.417969, bed, 83, 0, 0, 0, 0, -0.000153, 2, 1, 0.593964, Q, 0, 50624
ff, 3, 5542, 35.195801, vest, 1, 0, 0, 1, 0, 208.547974, 4, 0, 4504.419922, J, 0, 67913
0, 4, 36, -2245.544922, engine, 15141, 0, 0, 0, 1, -0.000031, 1, 0, -7114.561035, h, 0, 605463
3, 223, 3571002, 0.000000, cloth, 15691, 0, 1, 1, 1, -7387.879395, 28916, 1, -0.000854, x, 0, 594025215
1, 6, 4333, 0.042480, chance, 23, 0, 0, 0, 0, 60.551636, 6, 1, 0.026581, M, 0, 6703
ff, 2, 15740, 0.004883, glue, 50, 0, 0, 0, 1, 0.858429, 25, 0, -63.407471, N, 1, 84404054
1, 0, -903, -3661.162109, powder, 1882, 1, 1, 1, 0, -58.720001, 43, 1, -0.000031, s, 0, 6
fa, 7, 466900, 11853.109375, power, 518, 1, 1, 1, 0, 0.001801, 3, 0, 0.003204, R, 0, 109137
0, 186, -1, 5.459473, curve, 0, 0, 1, 1, 0, 5.260406, 7254, 0, -18.693695, F, 1, 4615436
0, 2, 4, -88.297852, shirt, 12, 1, 1, 1, 0, -0.067383, 759, 1, -114.099640, l, 0, 161
fd, 1, 1, -11.060059, pies, 3, 1, 1, 0, 0, 0.000244, 106, 1, 46.997406, }, 0, 5
fa, 12, -181, 1162.671387, profit, 4, 0, 1, 1, 1, -36.184021, 15, 0, 183.133850, I, 1, 3148561
ca, 238, 1798, 1189.268555, arm, 1233, 1, 0, 1, 1, -0.000061, 483, 1, -0.000000, 7, 0, 5
ab, 41, -16036, -2.671387, burst, 2648, 1, 0, 0, 1, 18.340332, 6273, 1, -734.407349, m, 1, 10966
ff, 0, 53, 5026.266602, space, 18310, 1, 1, 0, 0, 0.417938, 1, 1, 0.452545, T, 0, 3166277
bb, 61, 1361707, -9171.140625, owl, 40662, 1, 1, 1, 1, -2.058350, 3, 1, 16618.017578, n, 0, 3
18, 26, -3, 0.011719, cat, 4382, 1, 0, 0, 0, -18877.261719, 31, 1, -0.561127, k, 1, 2
e, 15, 605, 733.404297, plate, 3083, 1, 1, 0, 1, 8105.852051, 63, 1, 0.766449, 5, 0, 120
ff, 6, 38832, 75.435547, root, 37, 1, 0, 1, 1, 0.000916, 276, 0, -0.000275, J, 1, 25162559
fe, 53, 219, 87882.015625, tree, 1, 1, 1, 0, 1, -6029.907227, 3, 1, -0.058319, >, 0, 1582539659
0, 14, 3132813, 599.890137, vessel, 1233, 0, 1, 1, 0, 0.063721, 27, 0, 0.000000, 7, 0, 35
1a, 8, -17, 118.020996, peace, 856, 1, 0, 1, 0, 6994.921875, 2, 1, -0.000092, S, 0, 30421
6, 2, 0, -118216.500000, canvas, 7786, 1, 1, 1, 0, -0.000580, 1953, 0, 0.000854, /, 0, 123333
fc, 89, -397, 0.010254, back, 20277, 0, 1, 1, 1, 0.000000, 12275, 1, -0.000061, ~, 0, 257531030
e4, 2, -11447, -0.088379, join, 5724, 0, 1, 1, 1, -456.181335, 26003, 1, -0.000061, l, 1, 0
ff, 2, -397, 0.010254, back, 20277, 0, 1, 1, 1, 96.509399, 4, 1, -0.000061, !, 0, 257531030
e4, 86, -57315, -2.882812, food, 6852, 0, 0, 1, 1, 0.315155, 1, 0, 0.000061, }, 0, 288
ff, 19, 13394, -2004.056641, hall, 11177, 0, 0, 0, 1, 472.463593, 1, 0, -8.335724, d, 1, 960
30, 1, -276, -60489.007812, wood, 1653, 1, 1, 1, 0, 1566.990356, 603, 1, -17.535797, e, 0, 1938
f5, 8, -158, 0.003418, tank, 13, 0, 1, 0, 0, -0.000183, 179, 1, 0.000946, (, 1, 10984
ff, 2, -1, -0.432129, snake, 20277, 0, 0, 0, 1, 96.509399, 4, 1, -0.000061, !, 0, 257531030
1, 223, 405268, -0.005859, cloth, 15691, 1, 1, 0, 1, 3.266693, 28916, 1, -0.000854, X, 1, 3569
44, 42, -3280, 0.162109, ants, 9638, 1, 1, 1, 1, 0.030487, 0, 1, -0.000031, J, 0, 27
e6, 33, 6, 0.000000, rule, 8446, 0, 0, 1, 1, -0.000031, 511, 1, 0.000092, 1, 1, 3481008
ff, 140, -3504, -113895.554688, coach, 38218, 0, 1, 1, 1, 0.124756, 494, 1, 3104.780273, 4, 0, 1982
3, 119, 30, 2577.656250, night, 6, 1, 0, 1, 0, 180.791016, 1752, 0, -0.019104, !, 0, 1479
ff, 1, -1722176, -0.002930, space, 783, 0, 1, 1, 0, -0.000031, 2973, 1, -0.000031, ?, 1, 3840
2, 15, 484342, 30874.812500, test, 114, 0, 1, 1, 0, 0.024231, 14, 0, 0.003784, 6, 1, 210830
fd, 195, 2969034, 255.835449, grass, 1, 1, 1, 0, 1, 0.026520, 712, 1, -65.757477, ?, 0, 27434939
3, 26, -181, -7950.440918, quartz, 2, 1, 1, 1, 1, 0.000366, 3869, 0, 5277.035156, -, 0, 68
fd, 3, 1, -5.228516, crayon, 1, 0, 0, 0, 1, -0.230133, 31, 1, 40.691162, h, 1, 613985479
1a, 4, -54649, 1591.434082, camp, 744, 0, 0, 0, 1, -0.704926, 3009, 1, 0.010529, i, 0, 56748381
0, 14, 258330, -0.047852, vessel, 1233, 0, 0, 1, 0, 0.063721, 2756, 0, 0.000000, 7, 0, 1561834
6b, 4, 1056321, 763.870117, crack, 7, 0, 1, 1, 0, 0.001587, 4918, 0, -220.356079, U, 1, 191186697
9, 15, 1021, -672.481445, look, 6151, 0, 1, 1, 1, -0.868286, 232, 1, -0.000092, m, 1, 164
db, 3, 12, -1592.602051, babies, 22, 0, 1, 0, 1, 0.305145, 1832, 0, 874.006775, 0, 0, 785
fc, 0, 234, 12157.259766, lake, 142, 0, 0, 1, 1, 0.000061, 19, 1, -0.002411, M, 0, 624203
0, 12, 14, 3.639648, fuel, 1, 0, 0, 0, 0, 0.111206, 5, 0, 0.001709, {, 0, 2
f9, 195, 4, 255.835449, tank, 5399, 1, 0, 0, 1, -0.067383, 77, 1, -65.757477, N, 0, 218031261
f3, 0, -119, -0.040527, smile, 64, 0, 0, 1, 1, -13626.812500, 32, 0, -0.782104, o, 1, 133151110
f0, 0, -7, -3.559082, shop, 7069, 1, 0, 0, 0, 15221.514648, 1834, 0, 25.305573, X, 0, 22
c8, 58, 0, -1.811035, minute, 18081, 1, 0, 0, 0, -0.052673, 97, 0, 1.479675, w, 1, 2396747
ff, 1, -354, -0.095703, sock, 0, 0, 0, 1, 0, -0.186462, 0, 0, 0.001495, e, 1, 6
0, 12, -2, 0.000000, amount, 110, 0, 1, 0, 0, 11.207581, 0, 1, 0.008179, l, 0, 12
4, 122, 15639, -0.092285, thumb, 8394, 1, 1, 1, 0, -0.000275, 509, 1, -6.033112, L, 1, 160218168
0, 6, 63700, 0.001465, sign, 111, 0, 0, 0, 1, 0.000916, 22, 0, 0.000214, H, 0, 434724
34, 1, -1566, -67882.890625, boats, 3, 1, 1, 1, 1, 0.039978, 428, 0, -0.049408, X, 0, 0
fe, 53, 259884, -0.007812, shame, 1, 0, 1, 1, 0, -4.764862, 47895, 1, -0.058319, >, 0, 1582539659
0, 15, -5, -962.219727, queen, 161, 0, 1, 1, 0, -126.243317, 9737, 0, 3988.002441, H, 0, 77
fd, 1, -1, -0.001465, brake, 2, 0, 0, 1, 0, 1676.895508, 0, 0, -3.299255, K, 0, 117358
ff, 1, -279261, -0.043945, unit, 2153, 1, 1, 1, 1, 0.000031, 7024, 1, 0.113861, b, 0, 1
7f, 23, -3791, -0.003418, corn, 4026, 1, 1, 0, 0, 23421.134766, 1824, 1, -2640.077637, W, 0, 112248
3, 0, 30, 0.256836, cannon, 6, 0, 0, 1, 0, 98.250305, 13989, 1, -0.019104, !, 0, 1479
fe, 10, 112114, 1913.538574, burst, 5061, 0, 1, 1, 0, 371.676178, 1, 0, -18239.404297, ^, 0, 15
fc, 9, 43, 0.013672, teeth, 140, 0, 0, 1, 1, -1900.513428, 3, 1, 1495.428833, c, 1, 726785
ff, 1, -179826, -149.308594, toe, 16422, 0, 1, 1, 1, -0.468414, 0, 0, -0.010895, i, 0, 3
f8, 191, -7663, -0.000488, fact, 7, 0, 0, 1, 0, -0.000031, 12714, 1, -0.000031, q, 1, 46583035
fe, 4, -1, -17672.789062, wire, 41, 0, 0, 1, 0, 18.340332, 0, 1, -788.302795, w, 1, 0
5b, 4, -264, -0.009277, coat, 25485, 0, 1, 0, 1, 656.181641, 2540, 0, 0.000031, 4, 0, 1053453618
2, 15, 56, 0.000488, hose, 114, 0, 1, 0, 0, 0.005615, 100, 0, 0.003784, h, 0, 0
ff, 0, 3, -0.005371, grip, 55556, 1, 0, 1, 1, 0.855682, 7151, 1, -1.996307, S, 1, 8262369
c8, 8, 48232, 6.222168, fish, 572, 0, 0, 0, 1, -0.000031, 708, 0, -7812.766602, @, 0, 3074
ec, 19, -16, -2004.056641, hall, 368, 0, 0, 1, 1, 0.015411, 6178, 0, -8.335724, 5, 0, 44172
c, 3, -702, -180.850586, copy, 3, 0, 0, 0, 0, -0.010590, 1723, 0, -0.228333, X, 0, 1973
fe, 4, -1, -17672.789062, ray, 41, 0, 0, 1, 0, 18.340332, 0, 1, -788.302795, ), 1, 1796892
f, 3, 1221235, -0.367676, banana, 10253, 0, 1, 1, 1, 0.000183, 1, 1, 9800.775391, O, 0, 20
ea, 105, -4349, 3441.232910, sleep, 62162, 0, 0, 1, 0, 0.003723, 3440, 1, -0.000031, Z, 1, 2034223
45, 5, -425, -28.539551, dinner, 72, 0, 1, 0, 0, -268.089417, 493, 0, 25.167480, E, 1, 5
3, 2, 1, 0.064941, point, 37519, 1, 1, 1, 1, 265.688660, 0, 0, -0.037048, b, 0, 437783
1, 4, -1, -3.119629, limit, 114, 0, 1, 0, 0, 0.005615, 100, 0, 0.003784, h, 1, 0
71, 0, -411, 0.010742, arm, 4129, 0, 1, 0, 0, 0.000031, 47973, 0, 3581.029785, a, 1, 3080
ff, 80, 124, 0.009766, nail, 34429, 0, 0, 1, 1, -9.748108, 54, 1, 1495.428833, k, 0, 968
50, 3, 1, -5.228516, crayon, 195, 1, 1, 1, 1, -0.230133, 31, 1, 46.997406, }, 1, 1656
ff, 0, -5, 126.269043, motion, 34, 0, 1, 1, 1, -0.635590, 20, 1, 16618.017578, B, 0, 761
2, 12, 1443746, -113010.156250, rake, 0, 0, 1, 0, 0, -3940.427002, 6834, 0, -0.000122, q, 1, 2782
5, 4, -9009, 6.222168, bean, 199, 1, 1, 1, 1, -0.000610, 436, 0, -7812.766602, g, 1, 228524
fe, 58, 242, -45727.906250, church, 8586, 1, 1, 1, 0, 242.312775, 100, 1, -0.309387, p, 0, 3
f4, 8, -12, -0.102051, stem, 61, 1, 1, 1, 0, 0.000000, 1, 1, -0.000000, 4, 0, 1467
d0, 54, 3222, 0.002930, salt, 508, 1, 1, 1, 0, -0.044647, 99, 0, 0.000031, &, 1, 435
19, 0, 755, 0.003418, rain, 39606, 1, 1, 0, 1, -9.737854, 7, 1, 91.067657, 6, 0, 3
fa, 86, 1, -2686.653320, beetle, 91, 0, 0, 1, 0, 425.367188, 15, 1, 0.000000, G, 0, 176785
ec, 3, 1235201, -14.221191, humor, 0, 1, 0, 0, 1, -0.009308, 1395, 1, -8.335724, !, 1, 44172
3, 0, 460, 0.054199, nose, 787, 1, 0, 1, 1, -463.116913, 35, 0, 0.049286, H, 0, 44115
ff, 1, -31658, 0.044922, shape, 599, 1, 1, 1, 0, -0.016235, 6, 1, -0.000275, %, 1, 176985372
ff, 6, 0, 0.003418, spade, 5, 0, 0, 0, 1, -5424.943848, 29150, 0, -0.000031, +, 1, 3
2, 0, 1458217, -65.490234, skirt, 15917, 0, 0, 0, 1, 519.644165, 1853, 1, 1.000000, |, 0, 4822
1f, 230, 19605, -45489.160156, grass, 1, 1, 1, 1, 1, -0.000061, 5291, 1, 40.430084, ., 1, 613985479
84, 1, 14, -0.460938, nose, 57, 1, 1, 1, 0, -6.159180, 54, 1, -0.000122, _, 1, 1744
ca, 30, 1798, -195.932129, yoke, 7473, 0, 0, 0, 1, 0.411743, 0, 1, -0.000000, [, 1, 133384484
3, 99, -125, 0.000977, snails, 12702, 0, 0, 1, 0, 44.094971, 55, 1, 1108.393066, (, 1, 2
e6, 33, 16168, 0.000000, rule, 8086, 1, 0, 0, 0, 115.351990, 33762, 0, 0.000092, ^, 1, 3481008
0, 129, 63700, -0.507812, care, 111, 1, 0, 0, 0, 0.000092, 22, 0, 0.000214, H, 0, 434724
9f, 5, -2, -0.005371, legs, 55556, 0, 1, 1, 1, -27.486786, 30, 1, -2.627899, $, 1, 17069243
eb, 1, 469834, 0.044922, oven, 599, 0, 0, 1, 0, -0.004547, 2, 0, -0.000275, %, 0, 313151
f9, 10, 2093189, 7.981934, rate, 5061, 0, 0, 1, 1, 371.676178, 100, 0, -18239.404297, ^, 0, 15
ee, 2, -761332, -541.564453, hall, 876, 1, 0, 0, 1, -586.821777, 1272, 0, 0.006348, *, 0, 1598376
fd, 0, 234, -6.229492, dress, 3, 0, 1, 1, 1, -0.000000, 45, 1, -0.003235, J, 1, 1278754273
ff, 31, -299877, 40.045410, berry, 50, 1, 0, 0, 1, -0.000244, 13, 0, -63.407471, N, 1, 30
fd, 12, -1, 733.404297, rice, 1, 0, 0, 1, 0, 8105.852051, 4, 1, 0.766449, j, 0, 123
76, 31, -299877, 12.908691, legs, 5, 1, 0, 1, 1, 0.000092, 6042, 0, -63.407471, N, 1, 30
fd, 0, -235, 91.162598, card, 180, 1, 1, 1, 1, -1.819092, 259, 1, 0.046997, 5, 1, 49123372
c, 15, -1, -962.219727, queen, 138, 0, 1, 0, 1, 15137.253906, 22, 1, 3988.002441, 9, 0, 3913
ea, 13, 36863, 1668.150391, wire, 2, 0, 1, 0, 0, 0.000031, 489, 0, 0.000031, m, 1, 4312
9f, 5, -2, -0.000488, stone, 3606, 1, 1, 0, 1, 0.904938, 15742, 0, -2.627899, |, 1, 283675243
ff, 7, -1084, -0.000488, pin, 79, 1, 1, 1, 1, -0.075836, 1, 0, -1767.432495, Y, 0, 14
e2, 44, 300500, -0.001953, can, 544, 1, 1, 1, 1, -0.002136, 17, 0, -653.370239, V, 1, 6259
a, 1, 286, -9076.601562, room, 1, 0, 1, 1, 1, -0.033173, 57415, 1, -18.295074, K, 0, 1787
6, 8, -299877, 0.003418, straw, 50, 1, 0, 0, 1, 0.000793, 1983, 0, -63.407471, N, 1, 0
c0, 7, 5, -2.623535, whip, 12572, 1, 1, 1, 1, 5.753967, 1017, 0, -49.437927, H, 1, 252094
ec, 11, 68638, 11.672852, cream, 32494, 1, 1, 0, 1, -0.009308, 239, 0, -8.335724, m, 1, 44172
1, 1, 79100, 24.685547, slave, 8657, 0, 1, 1, 0, 835.260742, 980, 1, 0.093903, 5, 0, 3508
f4, 16, -64474, -0.001953, air, 207, 1, 0, 0, 1, 15691.121094, 9, 0, 0.002106, g, 1, 126
ff, 65, 973013, -0.000488, space, 7, 1, 1, 1, 1, -0.000031, 123, 1, -0.000031, q, 1, 46583035
3, 26, -181, -7950.440918, stream, 3, 1, 1, 1, 1, -127.470886, 1113, 0, 5277.035156, K, 0, 1844
fd, 25, 3175043, 0.015137, tub, 1014, 0, 0, 0, 1, -0.000000, 4026, 1, -28419.396484, j, 0, 9
c0, 2, -3032759, -0.000977, whip, 12572, 1, 1, 0, 1, -0.000000, 2563, 1, -49.437927, H, 0, 1341366781
0, 108, -472, 0.699219, cats, 24, 0, 0, 0, 1, 20775.503906, 1, 1, 24.869171, e, 0, 40
ec, 6, 469834, -0.351074, grip, 599, 1, 1, 1, 0, 0.012512, 2, 1, -0.000275, m, 1, 1
fb, 227, -158, -0.000977, tank, 13, 0, 1, 0, 0, -365.774994, 1393, 1, 0.000946, (, 0, 63952501
ff, 1, 1, 4.497070, table, 6, 0, 1, 0, 1, -0.000854, 1363, 0, 1.762024, z, 0, 92844509
fc, 18, -344840, -0.351074, wing, 38809, 1, 0, 0, 1, -0.033508, 39, 1, -0.000854, x, 0, 5
1, 120, -31, 19858.693359, lift, 438, 0, 1, 1, 1, 0.012482, 41, 1, -13517.523438, !, 1, 993894
7, 8, -17, 0.000000, girl, 0, 1, 0, 1, 1, 21.926636, 8104, 0, -25.405823, 9, 0, 45700527
1, 102, -179826, 7567.632812, bead, 2, 1, 0, 0, 0, 0.790741, 1528, 0, -0.011322, 1, 1, 125584137
18, 26, -5184, 31617.519531, can, 4382, 0, 0, 0, 0, 4021.215576, 46, 0, -0.561127, k, 0, 2
1, 53, -1, 0.101562, eggnog, 1, 0, 0, 1, 0, -0.022034, 5, 1, 0.283173, e, 1, 328491
1, 13, -31, 659.317383, lift, 438, 0, 1, 1, 0, 0.012482, 77, 0, -13517.523438, !, 1, 993894
1c, 46, 1, 23.663574, help, 25900, 1, 0, 0, 1, 1.135040, 567, 0, -1.004639, +, 1, 4
ff, 129, 1299636, 37.522461, snake, 0, 1, 1, 0, 0, -4.098694, 23110, 0, 0.000336, {, 1, 2109020471
b, 4, 425593, -2481.077148, potato, 19, 0, 0, 0, 1, -0.000031, 51965, 1, 0.000000, t, 0, 921744
0, 1, 503131, -383.113281, color, 26, 0, 1, 0, 1, -0.205231, 25, 1, 0.000854, s, 0, 922712
8c, 1, 1285335, 23498.779297, poison, 1, 0, 1, 1, 0, -218.296570, 11, 0, -1281.444214, m, 0, 3672365
8, 1, -3032759, 3.764648, zebra, 1, 1, 1, 1, 1, -0.012512, 206, 0, -49.437927, 8, 0, 1391928595
7, 31, -266107, -3493.070801, iron, 12, 0, 1, 0, 1, -0.000000, 3, 1, 91.067657, P, 1, 15
37, 4, 1, 7567.632812, copper, 1604, 1, 1, 0, 0, -0.001282, 1752, 1, -0.011322, V, 0, 1479
fd, 15, 2, 0.000000, locket, 377, 1, 0, 0, 1, 0.866638, 1, 1, -24.255035, 9, 1, 4214569
fe, 12, 30, -49855.531250, uncle, 3, 0, 1, 1, 0, 0.305145, 1832, 1, 874.006775, O, 0, 785
ff, 147, 19478, -13280.091797, loaf, 18310, 1, 1, 0, 0, 0.000214, 43080, 1, 0.452545, T, 0, 29410253
a0, 1, 8951, 175.583496, home, 5451, 1, 1, 0, 1, 46.313660, 30887, 1, -0.006226, a, 1, 2723
22, 14, -58525, -0.000488, point, 8, 1, 1, 1, 0, -2.503052, 0, 1, -0.029022, {, 0, 0
4, 16, 242054, -0.002930, dad, 14, 1, 0, 1, 1, 0.001801, 6, 1, 0.003204, T, 1, 128967
6, 11, -728687, 21487.195312, thing, 23, 0, 1, 0, 1, 0.004120, 4651, 0, 53.390167, T, 0, 4199035
ff, 1, 242, 23146.816406, lace, 7, 0, 1, 0, 0, -0.000000, 100, 0, -0.309387, [, 1, 6319
4, 6, 0, -45.071289, loss, 14, 0, 0, 1, 1, -235.171387, 6, 1, 0.003204, T, 0, 128967
f8, 0, -439704, 0.053223, horses, 1, 1, 0, 0, 0, -49.746490, 275, 0, 0.000031, S, 0, 1416739
0, 12, -2, 444.500488, bomb, 110, 0, 0, 0, 1, 1525.782227, 60, 1, 0.008179, l, 0, 12
fd, 10, -119, 255.835449, tank, 1, 0, 0, 0, 1, 0.000000, 77, 1, -65.757477, ?, 0, 29033
ff, 3, -1978232, -0.726074, vest, 30639, 1, 1, 1, 1, 208.547974, 13038, 1, 4504.419922, X, 0, 67913
0, 10, -1, 0.000000, cloth, 15691, 0, 1, 1, 0, 501.498657, 37, 0, -0.000854, x, 1, 5
f4, 40, -64474, 0.000977, air, 207, 1, 0, 0, 1, -0.153168, 2108, 0, 0.002106, g, 0, 126
fe, 94, 63047, 0.045898, unit, 3, 0, 1, 1, 0, 1.000000, 20, 1, 0.000427, D, 0, 0
ce, 14, 247, -0.000488, poison, 8, 1, 0, 1, 0, -22674.917969, 5, 1, -0.029022, {, 0, 0
ff, 2, 19478, 20715.287109, head, 1628, 1, 1, 0, 0, 0.379211, 3, 1, 0.340729, e, 0, 29410253
56, 0, -1059, -12.344727, year, 0, 1, 1, 0, 0, 0.003326, 7, 1, 0.340729, |, 1, 29410253
1, 15, 39, 162.055664, bath, 2, 0, 1, 1, 1, 0.310547, 204, 0, 0.145142, $, 1, 3025
fa, 0, -203786, -1088.896973, amount, 43922, 1, 1, 0, 1, -0.000092, 1119, 0, -604.636963, q, 1, 58075161
f9, 195, 84660, 255.835449, tank, 5, 1, 0, 1, 1, -0.002930, 6, 1, -63.407471, -, 1, 29033
fc, 6, 2131, -0.025391, wire, 44, 1, 1, 1, 1, -0.000183, 695, 1, 0.115570, W, 1, 17041
c, 82, -702, -0.001953, copy, 3, 0, 1, 0, 0, -0.010590, 79, 0, -0.228333, X, 1, 246188
ff, 0, 3, -0.005371, grip, 55556, 1, 0, 1, 1, -0.000427, 7151, 1, -1.996307, S, 1, 8262369
ff, 3, -4, -0.000977, nest, 0, 0, 1, 1, 0, 815.334473, 70, 1, -4.564880, M, 1, 3073219
3, 1, 473054, 0.044922, jewel, 599, 1, 1, 1, 1, 0.626282, 1, 0, -0.000275, %, 1, 3
ff, 2, 0, -7.818359, porter, 11600, 1, 1, 0, 1, -1262.404785, 153, 1, 0.211304, ^, 1, 762
f2, 3, 495, 0.000977, food, 24, 0, 1, 1, 1, -0.177917, 53570, 1, 18.156891, e, 1, 19081049
0, 5, -879079, 0.095703, cactus, 1, 0, 1, 1, 0, -3.212402, 2, 1, 0.001709, K, 0, 15537937
2, 9, -95877, -0.000977, drum, 3, 1, 0, 1, 1, 49.995483, 542, 1, -0.803436, ;, 1, 31267205
fe, 0, 11513, -0.004395, neck, 22, 0, 1, 1, 1, 662.392639, 1832, 0, 874.006775, 0, 0, 6051
fe, 74, -191, -0.000977, gate, 8, 0, 1, 0, 0, 423.590698, 70, 1, -4.564880, y, 1, 758333
d0, 3, 204, -0.153320, desk, 38, 0, 1, 0, 0, 0.000122, 1, 1, 0.000031, H, 1, 40633
fb, 50, 67162, -1920.848145, quartz, 288, 0, 1, 0, 0, -16599.500000, 8690, 0, -0.005646, {, 1, 11
0, 15, 15780, -9076.601562, liquid, 7564, 0, 1, 0, 0, -0.033173, 6647, 1, -18.693695, C, 1, 756
3, 100, -239196, -0.003906, lead, 5, 1, 1, 1, 1, -0.002289, 1, 0, -3022.799561, 8, 1, 158
ff, 0, -2, -0.000488, tongue, 3, 1, 0, 0, 0, -0.200226, 0, 1, -0.003235, J, 0, 956314373
0, 0, -235, 14.524414, nose, 180, 1, 1, 1, 1, -13708.932617, 1, 1, 0.049286, &, 0, 0
fc, 2, 234, -6.229492, dress, 3, 0, 0, 1, 1, 0.000061, 19, 0, -0.002411, J, 0, 624203
db, 0, 11513, -1592.602051, stone, 22, 0, 0, 1, 1, 29.561096, 5164, 0, 874.006775, 0, 0, 6051
ef, 15, -447224, 8.398438, locket, 377, 1, 0, 1, 1, 7425.390625, 27304, 1, -24.255035, v, 1, 12558
fe, 18, -119, -71.845703, hill, 27919, 0, 1, 1, 0, 0.069580, 2, 0, -232.475159, /, 1, 56
fe, 58, 242, -45727.906250, church, 8586, 0, 1, 1, 0, -18877.261719, 474, 1, -0.309387, p, 0, 3
ff, 49, -2, -998.237793, bread, 6211, 1, 0, 1, 0, 0.000214, 0, 1, -0.003235, $, 0, 956314373
4, 53, -25, 23.655762, thrill, 4, 1, 1, 0, 1, 6636.527832, 91, 1, -6.033112, +, 0, 27
f0, 1, -354, -0.061035, bit, 1336, 1, 0, 1, 1, 0.032715, 1, 1, -1.252899, /, 1, 128
0, 119, 1, 0.256836, night, 6, 0, 0, 0, 0, -0.006927, 13989, 0, -0.019104, z, 0, 49193
3, 3, -2, -2.856934, bed, 83, 0, 0, 0, 1, 0.005920, 25017, 1, 0.593964, Q, 0, 4
0, 2, 4, -88.297852, shirt, 12, 1, 1, 1, 0, -0.067383, 28, 1, -114.099640, l, 0, 161
2, 0, -52, -621.178711, heat, 1, 0, 0, 0, 0, -0.000061, 29, 1, 1.000000, |, 0, 300390750
ba, 14, 0, 1.952148, shoes, 2808, 1, 1, 0, 0, 0.000031, 13, 0, -0.125885, L, 0, 2
fb, 7, -665570, -0.035645, name, 11600, 1, 1, 0, 0, -0.005798, 153, 0, 0.211304, ^, 1, 762
3, 119, 30, 2577.656250, night, 6, 1, 0, 1, 0, -0.000031, 13989, 1, -0.019104, !, 0, 1479
0, 44, -29, 0.000000, amount, 110, 0, 0, 0, 0, -0.242706, 6452, 1, 0.008179, l, 0, 12
3, 54, -40, 113710.984375, lead, 5, 1, 1, 1, 1, 0.000061, 79, 0, -3022.799561, 8, 0, 158
5, 100, 5255, 0.000977, battle, 0, 1, 1, 0, 1, -4981.556152, 25, 0, 0.000854, C, 0, 121
0, 3, -42566, -4.513672, bike, 1, 1, 1, 0, 0, 0.140625, 6, 0, -0.000031, 0, 0, 216850
a0, 1, 18951, 175.583496, home, 5451, 1, 1, 0, 1, -1.144196, 30887, 1, -0.006226, v, 1, 2723
0, 31, 3, 67.275391, bike, 1, 0, 1, 0, 0, 0.017883, 4988, 0, -0.000031, 0, 0, 128225847
fe, 77, -40086, -46.369629, cheese, 165, 0, 1, 1, 1, -0.000092, 22, 1, 0.094971, e, 0, 4699688
ff, 6, 0, 0.003418, spade, 5, 0, 0, 0, 0, -20.963257, 44780, 0, -0.000031, +, 1, 3
f3, 6, -203786, -1088.896973, sheep, 27919, 1, 1, 1, 1, -0.000092, 1119, 0, -297.495605, N, 1, 435908464
19, 1, -28464, 0.325684, pump, 11, 1, 1, 0, 1, -0.000397, 4843, 1, 1.936279, 8, 0, 3619
66, 61, 2544, -73.041992, scale, 18, 0, 1, 0, 1, -0.000946, 194, 0, 0.019257, j, 1, 485185846
1, 5, 0, -0.005859, slip, 13623, 0, 1, 0, 1, -229.620544, 129, 0, -0.001038, X, 1, 3569
7, 39, -889, 21487.195312, trip, 23, 1, 0, 0, 1, 0.002106, 1, 1, 53.390167, T, 0, 13563
fc, 6, -113723, -0.025391, army, 1, 1, 0, 1, 0, 0.000153, 6306, 0, 0.115570, W, 0, 25915
f5, 8, -158, 0.003418, store, 0, 0, 1, 0, 0, -4981.556152, 12, 0, 0.000946, C, 0, 10984
fe, 0, -2, 0.055664, hands, 27919, 0, 0, 0, 1, -0.010498, 573, 1, -297.495605, /, 1, 435908464
f, 1, 1221235, 0.027344, door, 51, 1, 1, 0, 1, 0.000183, 0, 0, 5277.035156, Z, 0, 20
3, 26, -237849, -4.770996, teeth, 51, 1, 1, 0, 1, -3.716156, 3869, 0, 5277.035156, Z, 0, 2903
f7, 147, 19478, -121.674316, head, 18310, 1, 1, 0, 1, 19215.394531, 43080, 1, 0.452545, T, 0, 50
ff, 0, -395, -0.000488, grip, 55556, 0, 0, 1, 0, 0.000000, 125, 0, -1.996307, S, 1, 8262369
43, 61, -964, 0.017090, church, 34429, 0, 0, 1, 1, 0.459686, 16, 0, 1495.428833, k, 0, 106
0, 1, -354, -0.095703, cactus, 1, 0, 0, 0, 0, -3.212402, 5, 0, 0.001709, >, 0, 6
1a, 35, -54649, -0.018555, books, 744, 1, 1, 0, 0, -0.704926, 29458, 0, 0.015381, 9, 0, 56748381
50, 31, -607736, 863.684082, trip, 195, 1, 1, 1, 0, 0.923859, 93, 1, 46.997406, }, 1, 1656
f, 17, 0, 400.842773, unit, 1519, 0, 1, 1, 0, -2.005341, 16, 0, 5.427673, l, 0, 134274
45, 5, -1, -0.021973, guide, 72, 1, 1, 0, 0, 5.444366, 493, 0, 25.167480, E, 1, 5
0, 6, 63700, 0.001465, sign, 111, 0, 0, 0, 0, 0.213959, 22, 0, 0.000214, H, 0, 434724
99, 19, -2828575, 9.007812, metal, 1, 0, 0, 0, 0, 0.457672, 333, 1, 278.294281, 6, 0, 295216
0, 61, -206886, -0.000488, start, 3683, 1, 1, 1, 0, -3.765259, 664, 1, 0.000061, W, 1, 25175
e4, 86, -34267, -2.882812, parent, 6852, 1, 1, 1, 1, 0.315155, 1, 0, 0.000061, }, 0, 288
b, 31, 109, -71.845703, quiet, 2, 1, 1, 1, 0, 0.001587, 3, 1, -220.356079, U, 0, 191186697
ff, 1, 31, -0.000488, wood, 75, 1, 0, 1, 1, -0.016235, 2, 0, -0.000275, %, 1, 3137
1, 156, -1, -3.119629, limit, 0, 0, 1, 0, 0, 10082.878906, 1384, 1, 0.003876, ;, 1, 4
1, 1, 79100, 24.685547, slave, 8657, 0, 1, 1, 0, -938.425171, 980, 1, 0.093903, 5, 0, 3508
ff, 2, -1, -25772.230469, thumb, 20277, 0, 0, 0, 1, -2819.624268, 7088, 1, -0.000061, !, 0, 257531030
0, 76, 3001, 2140.193359, dog, 835, 1, 0, 0, 1, -523.052002, 463, 1, 59.098389, X, 1, 329
4, 10, -6097, -242.041016, bubble, 8, 0, 1, 1, 0, -2.654083, 883, 0, -6.033112, L, 1, 1382
b0, 7, 5, -0.002930, level, 1, 1, 1, 1, 1, 5.753967, 1017, 1, -51.427429, _, 1, 0
fa, 44, 3311827, -1088.896973, amount, 21, 1, 1, 0, 1, 0.001312, 1119, 1, -604.636963, q, 1, 252770162
8c, 71, 1285335, 0.000000, memory, 1, 0, 1, 1, 1, -10759.149414, 11, 0, -1281.444214, m, 1, 3672365
4, 49, -93, 0.000488, cough, 3, 1, 1, 1, 1, 1.000000, 15945, 1, 0.000427, D, 0, 0
ff, 1, 1, 4.497070, rate, 6, 0, 1, 0, 1, -0.231049, 1363, 0, 1.762024, z, 0, 92844509
15, 15, -247, -0.080078, nest, 602, 0, 1, 1, 0, 0.864227, 137, 0, 120.162079, ., 1, 24
fb, 28, 94039, -2.410156, heat, 22, 1, 0, 1, 1, 1336.918091, 56, 0, 0.135773, c, 0, 1
ff, 109, 1670366, -43.797363, pen, 38218, 0, 0, 1, 1, 340.896240, 494, 1, 3104.780273, 4, 0, 231555279
1, 35, -13391, 0.000488, market, 3, 1, 1, 0, 1, -0.010590, 63696, 0, -0.261017, p, 1, 27428
d5, 0, 1285335, 0.000000, burst, 79, 1, 1, 1, 1, -10759.149414, 11, 0, -1767.432495, Y, 1, 3672365
99, 1, 116, -3253.446289, metal, 1, 0, 0, 0, 1, 0.457672, 15, 1, 278.294281, 6, 0, 295216
ff, 5, -879079, 0.095703, arm, 1, 0, 1, 1, 0, 0.003418, 2, 0, 0.001709, K, 0, 15537937
0, 12, -2, -0.098145, memory, 110, 0, 0, 0, 1, 0.322235, 0, 1, 0.008179, l, 0, 12
ff, 78, 0, -30589.101562, reward, 1519, 0, 0, 1, 0, -0.177917, 1012, 0, 5.427673, _, 1, 19081049
ee, 2, -80858, -541.564453, frogs, 876, 0, 0, 1, 0, 1525.782227, 1395, 1, 0.008057, *, 0, 29998893
ff, 3, 5542, 35.195801, vest, 1, 0, 0, 1, 0, 0.006348, 4, 0, 4504.419922, J, 0, 67913
ff, 1, -2083717, -28.517578, zephyr, 3, 0, 1, 1, 0, -0.000092, 22, 0, 0.094971, e, 0, 4699688
2, 50, -1226083, -57.136230, crush, 113, 1, 1, 1, 0, 475.226135, 4662, 0, -0.005646, k, 1, 13318
1, 3, 47414, -26169.132812, eyes, 87, 1, 1, 1, 1, 0.737610, 377, 1, 0.919647, Y, 1, 117950
fd, 19, -4010, -1.883789, field, 1, 1, 1, 1, 1, -5.366211, 2, 1, 40.691162, h, 1, 613985479
7, 5, 25264, -1027.932129, jar, 0, 1, 0, 0, 1, 0.001678, 8, 1, -0.124786, _, 1, 49502346
fe, 36, -15, -7254.027344, jewel, 64, 0, 0, 1, 0, -60.557770, 32, 0, -0.782104, o, 1, 133151110
c8, 35, 48232, 874.822266, fish, 572, 0, 0, 1, 0, 0.566498, 11447, 0, -7812.766602, Z, 0, 40
e, 3, 41, 0.028320, eyes, 3083, 1, 1, 0, 0, 0.000671, 63, 1, 0.766449, 5, 1, 123
5, 21, 2, -26564.007812, vase, 13773, 1, 0, 1, 0, 0.054474, 17947, 1, 47.164337, n, 1, 170760
3, 59, -3390436, -0.014648, memory, 12702, 0, 1, 1, 0, -0.000916, 1494, 0, 1108.393066, (, 1, 2
ff, 0, -1470, 423.318848, eye, 2808, 1, 1, 0, 1, 0.001740, 0, 0, -0.125885, z, 0, 16557045
2, 1, 1458217, -46740.839844, frog, 15917, 1, 0, 1, 0, -0.000061, 0, 1, 1.000000, |, 1, 4822
ff, 9, -3442274, 1.000000, parcel, 3, 1, 1, 1, 1, 0.437622, 244, 1, -0.996857, l, 1, 73749240
bc, 2, 11, 6.624023, boat, 1, 0, 0, 1, 0, 5.805542, 679, 0, -154.278564, ), 1, 914506
1, 3, 49, -10583.679688, wing, 0, 0, 1, 0, 1, -0.226166, 7088, 1, -0.000061, g, 1, 7339
0, 0, -3, -1.758789, lawyer, 4102, 1, 0, 0, 1, -159.657349, 58, 1, -0.000031, 4, 1, 71338519
fd, 11, -4, 0.015137, bag, 1014, 0, 0, 0, 0, -0.000000, 409, 1, -28419.396484, j, 0, 3697
19, 1, -28464, 0.325684, pump, 11, 1, 1, 0, 1, -26634.255859, 4843, 1, 1.936279, 8, 0, 3619
2, 0, -2, -63815.750000, kick, 1, 0, 1, 1, 0, -33.361450, 121, 0, -1.155457, B, 1, 1372641086
fe, 6, 0, -242.041016, hat, 8, 0, 1, 0, 0, -2.654083, 883, 0, -5.247101, y, 1, 1649832
ff, 0, -17, 7.083008, crayon, 1, 1, 0, 0, 0, -0.012512, 203, 0, -42.390717, f, 0, 1391928595
16, 8, 28, 0.000000, girl, 0, 1, 1, 1, 1, 21.926636, 1940, 0, -25.405823, 9, 0, 45700527
3, 99, -125, -0.998535, dog, 12702, 0, 0, 1, 1, 0.000122, 55, 1, 1108.393066, (, 1, 2
1, 105, -13391, 0.558594, mist, 3, 1, 1, 0, 0, 1.940796, 63696, 0, -0.261017, p, 1, 27428
d0, 3, 29038, -0.000488, screw, 508, 0, 1, 1, 1, -0.044647, 25816, 0, 0.000031, &, 1, 435
1, 18, 3005109, -0.040527, jewel, 64, 1, 0, 1, 1, 3.881378, 4, 1, -0.782104, o, 1, 25
3, 0, 1582673, 0.192383, aunt, 787, 0, 0, 1, 1, 0.000366, 433, 0, 0.049286, H, 1, 44115
0, 9, -6, -0.000977, drum, 3, 1, 0, 1, 1, -0.000244, 1388, 0, -0.803436, ;, 1, 0
a5, 1, 875, 23498.779297, art, 7, 1, 1, 0, 1, 12.950165, 42463, 0, -1281.444214, O, 0, 479
f, 6, -68, -72971.078125, chance, 23, 1, 0, 0, 0, 451.834930, 9, 1, 0.026581, M, 1, 0
0, 62, 755, 16911.076172, rain, 12, 1, 1, 0, 0, 0.688690, 7, 1, 91.067657, P, 1, 31530
b0, 185, 84660, -4483.492676, debt, 1, 1, 0, 0, 1, -0.002930, 319, 1, -51.427429, _, 1, 6735908
fd, 31, -607736, 863.684082, dress, 3, 1, 1, 0, 0, 0.000244, 93, 1, 46.997406, }, 1, 5
ff, 1, 27, 52905.457031, dogs, 37, 1, 0, 1, 0, -0.016235, 416, 0, -0.000275, J, 1, 3137
ff, 46, 186, 791.300781, help, 25900, 1, 1, 1, 0, -34.661194, 567, 1, -1.004639, +, 1, 433072105
1, 7, 384327, 0.101562, twist, 1, 0, 0, 1, 1, -0.022034, 47, 0, 0.283173, e, 1, 9
7, 6, 25264, -1027.932129, shame, 0, 1, 1, 0, 1, -4.764862, 8, 1, -0.058319, _, 0, 49502346
1, 39, 3303166, 0.173828, kitty, 3281, 0, 1, 0, 0, -3790.887939, 490, 1, 3.667297, /, 1, 1984817107
ff, 2, 0, 92.803711, glue, 50, 0, 0, 0, 1, 0.858429, 77, 0, -63.407471, N, 0, 84404054
f7, 236, 1264954, 29.811035, magic, 18310, 1, 1, 0, 1, 19215.394531, 14486, 1, 0.452545, T, 0, 2
